0
30
31
31
31
31
31
31
30
32
32
32
31
31
33
34
35
33
34
34
33
34
35
35
35
36
36
35
38
36
36
37
36
36
36
38
38
38
38
39
39
39
38
39
38
38
39
39
41
40
39
39
39
40
41
41
41
42
42
42
43
41
43
43
42
43
43
43
43
43
46
44
43
44
45
44
46
45
44
45
47
45
47
47
48
46
47
46
48
47
48
48
48
49
49
48
49
49
50
50
49
50
50
50
50
50
50
51
51
51
50
51
52
52
52
53
53
53
53
54
53
53
54
53
53
55
54
55
55
56
56
55
55
55
56
57
56
57
56
57
58
57
57
58
58
57
58
58
59
58
59
58
58
58
59
60
59
59
59
59
61
61
60
61
60
61
61
61
61
62
61
62
62
62
63
63
63
61
62
63
63
63
63
63
63
63
65
63
63
63
65
65
63
66
66
66
65
66
66
67
66
66
67
67
67
67
68
68
68
67
67
68
68
68
69
68
69
70
69
70
70
70
70
70
71
70
71
71
71
70
71
71
72
71
71
72
72
71
73
72
73
74
73
73
73
74
74
74
73
75
75
75
75
76
75
77
75
75
77
77
75
76
77
77
78
77
77
78
78
78
79
78
77
79
79
79
79
78
78
79
79
79
80
79
80
79
80
81
81
82
81
82
82
81
82
81
82
82
82
81
82
82
83
83
84
84
82
84
83
85
84
83
85
85
84
85
85
85
85
85
85
86
85
87
86
86
88
88
87
86
87
87
87
88
87
88
88
88
88
88
89
88
90
89
89
89
89
89
89
90
91
90
91
91
90
90
90
90
92
91
92
92
91
92
92
92
92
92
92
92
93
93
94
94
93
93
94
94
93
93
94
95
95
94
94
96
96
95
95
96
96
96
96
96
96
96
97
97
96
96
97
97
98
97
97
97
98
98
98
97
98
97
98
98
98
99
100
99
99
99
99
100
100
100
101
100
101
101
99
99
101
101
100
102
103
101
102
103
101
102
102
102
103
102
102
103
102
103
104
103
104
104
104
106
104
105
105
105
105
105
105
105
105
106
106
106
106
107
107
107
107
107
106
107
107
106
107
108
108
108
108
108
108
108
109
108
109
109
109
109
108
110
109
109
110
110
110
110
110
110
111
111
111
111
111
112
111
112
111
112
111
113
113
112
113
112
112
112
113
112
114
113
113
112
114
114
113
114
114
113
114
115
115
113
115
115
114
115
115
116
115
115
115
116
115
117
116
116
116
117
116
116
117
117
118
118
117
118
118
117
117
119
119
118
119
118
119
120
119
119
119
119
118
119
118
119
119
120
120
120
121
120
119
122
121
122
121
121
122
121
122
121
122
121
121
123
123
122
122
123
122
122
123
123
122
123
123
123
124
123
125
123
124
124
124
124
123
124
124
125
125
125
125
125
125
126
126
125
126
127
125
127
126
127
127
127
126
127
127
127
127
127
127
127
127
127
127
127
127
128
128
129
127
127
129
129
128
129
129
129
129
129
130
129
129
129
130
129
130
131
131
130
131
130
131
130
132
130
132
131
132
132
131
131
132
133
132
133
132
133
133
132
133
133
133
133
133
133
133
132
133
134
134
132
134
132
133
133
135
134
134
134
135
134
134
136
134
135
135
134
137
135
136
136
136
136
136
136
136
137
135
136
136
137
138
138
137
137
136
137
136
139
139
138
139
139
139
138
137
139
138
139
139
138
139
140
139
140
140
139
139
139
139
140
139
140
141
140
140
141
142
141
141
142
140
141
141
141
140
141
141
142
143
143
142
142
142
143
143
142
143
142
143
143
143
143
143
143
144
143
143
143
145
144
144
143
145
143
145
145
144
144
144
145
144
144
145
145
146
146
145
147
145
145
146
147
146
147
147
147
147
147
147
147
147
147
148
148
147
148
148
148
148
147
148
148
148
148
147
148
148
148
148
148
149
148
148
148
149
150
149
149
150
151
151
150
150
152
149
150
151
151
151
151
151
151
151
150
151
150
151
150
152
151
152
152
151
153
153
152
152
153
152
153
152
153
153
153
153
152
153
154
154
154
155
153
154
154
154
155
153
154
155
155
155
155
154
155
154
154
155
156
156
154
155
156
155
155
156
156
156
156
156
157
156
157
157
156
156
156
157
157
158
157
158
158
157
158
158
158
157
157
157
158
157
159
157
159
159
159
158
159
159
159
159
158
159
158
160
159
159
159
159
159
159
159
160
159
159
159
159
159
159
160
159
160
160
162
161
161
161
160
161
161
162
161
161
162
162
161
161
161
162
162
162
162
162
164
162
162
164
163
163
161
164
163
164
164
164
163
163
164
164
164
164
165
163
163
165
165
164
165
164
164
165
165
166
165
164
164
165
165
165
165
166
165
165
165
165
166
166
167
165
166
165
166
167
166
166
166
167
167
167
167
168
168
168
167
167
167
168
168
167
168
167
168
167
168
169
169
167
169
169
168
168
169
169
169
169
169
169
170
168
168
170
170
170
168
170
169
169
170
170
171
170
171
171
170
171
171
170
171
171
171
171
170
170
171
171
171
172
170
171
172
172
171
171
172
172
171
172
172
172
171
171
171
173
172
173
172
172
173
172
173
172
173
172
173
174
174
174
174
173
173
174
174
174
173
174
174
174
174
173
173
174
175
174
173
174
174
175
174
175
175
176
176
175
175
176
175
175
176
176
175
176
176
177
177
176
175
176
176
175
177
177
177
176
178
176
177
177
177
176
178
178
177
177
177
177
178
178
178
179
177
178
179
178
178
178
179
179
178
178
179
179
178
178
179
179
179
179
180
180
179
179
179
179
179
178
179
179
180
180
179
181
180
181
181
181
180
180
180
179
181
181
181
179
182
181
181
181
180
180
181
181
182
182
181
182
182
182
183
181
182
182
182
181
182
182
183
182
183
182
182
183
183
184
183
184
183
183
183
184
184
183
184
183
184
183
183
183
183
184
184
184
184
185
185
184
185
183
184
184
183
185
184
185
184
184
184
184
185
185
185
185
185
184
185
184
185
185
185
186
187
186
187
185
186
187
185
187
187
186
186
186
186
187
186
187
186
187
186
187
186
187
186
187
188
187
188
186
188
187
187
188
187
187
187
187
187
188
188
188
187
188
188
188
188
188
188
188
189
188
188
187
189
188
189
189
189
189
188
189
190
190
189
190
188
189
192
190
190
190
192
190
189
192
190
189
189
190
192
190
192
192
190
192
190
192
190
191
192
192
192
192
192
192
192
192
192
192
192
192
192
192
191
192
192
192
192
192
192
191
193
192
192
192
192
192
192
193
192
192
193
192
193
193
193
193
193
192
193
193
194
193
194
193
193
194
194
193
194
195
194
194
194
194
194
194
194
193
194
194
194
194
194
194
194
195
195
195
194
195
195
194
195
196
195
195
195
196
196
195
195
196
196
195
195
195
195
196
195
196
195
196
196
195
195
196
196
195
197
195
197
196
197
196
197
197
196
197
198
197
196
197
197
198
197
198
198
197
198
198
198
197
197
197
197
198
198
198
198
198
198
197
197
198
198
198
199
198
198
199
199
198
198
198
199
199
199
199
198
199
199
199
198
199
200
198
199
199
199
199
199
200
199
199
199
199
200
199
199
201
201
201
199
200
200
200
201
200
200
200
199
201
201
201
201
201
200
201
201
201
202
201
201
202
202
202
202
201
202
202
200
202
202
202
201
202
201
202
202
201
203
202
202
202
201
202
202
202
201
203
202
203
202
203
201
202
202
202
201
202
203
202
203
203
203
204
204
203
202
204
203
203
203
203
204
204
203
204
204
201
204
203
204
205
203
204
204
204
204
204
204
204
204
205
204
204
204
204
205
205
205
205
205
205
205
204
205
206
206
206
204
205
205
205
206
206
204
206
206
205
206
205
205
205
205
205
205
205
206
206
205
207
206
206
207
206
207
207
206
207
206
207
206
206
206
207
207
205
207
206
207
207
207
207
207
207
207
207
208
207
207
208
208
208
208
207
207
207
208
208
207
207
207
208
207
207
208
207
207
207
208
208
208
208
208
209
208
208
207
208
208
207
209
209
208
209
209
209
208
209
209
209
207
209
209
209
210
209
209
209
208
208
209
209
209
208
210
209
208
210
209
209
210
209
210
209
209
211
211
211
211
210
210
211
211
211
211
210
211
210
211
210
211
211
211
210
211
210
211
210
211
210
211
210
211
211
211
212
211
210
210
211
211
212
211
211
211
212
211
211
211
211
211
211
211
211
212
212
212
212
211
212
212
212
213
212
213
211
212
212
211
212
212
214
213
213
212
212
213
213
213
212
214
212
212
213
213
214
213
213
214
213
214
214
213
214
214
214
213
214
213
214
214
213
214
213
214
214
214
213
214
213
213
214
214
213
214
213
215
214
214
215
216
214
215
214
213
216
214
214
214
214
214
216
215
215
214
214
215
214
215
215
214
215
214
215
216
215
214
215
215
215
216
216
215
215
216
215
215
216
215
215
216
216
215
215
216
216
216
215
215
217
216
215
216
215
216
217
216
216
217
216
217
217
217
217
216
216
217
217
217
217
216
217
218
218
216
217
218
218
217
217
217
218
217
218
218
217
217
217
217
217
216
218
217
217
217
217
218
217
216
219
218
217
217
217
217
217
218
217
218
218
217
218
218
218
219
217
219
217
219
219
218
219
218
219
218
219
217
219
219
220
219
219
219
218
218
218
218
218
219
220
219
220
220
219
218
219
219
220
219
220
219
219
220
219
219
219
219
219
219
219
218
220
220
218
219
220
220
219
220
219
220
221
220
219
220
220
220
221
220
220
221
220
220
220
221
220
221
221
219
220
220
220
219
219
220
221
220
221
221
222
221
221
220
221
221
221
220
221
221
222
221
221
220
221
222
222
221
221
221
222
221
221
221
221
221
222
222
222
222
222
224
221
221
221
223
222
222
223
223
222
222
222
222
222
222
223
221
224
221
222
224
223
223
222
222
222
224
223
222
222
223
222
223
224
221
222
223
222
223
224
224
224
224
223
224
224
222
223
224
223
224
224
224
223
224
224
223
224
224
223
224
224
225
224
224
224
224
224
224
224
224
224
224
224
224
224
224
224
225
225
224
224
224
224
224
225
224
224
225
225
224
225
225
225
224
224
224
224
225
225
224
225
225
224
224
224
224
225
224
225
225
225
224
224
225
224
224
224
224
224
224
226
225
225
225
226
225
224
225
226
225
225
226
226
225
225
225
225
225
225
225
226
226
226
225
225
226
226
226
226
226
226
226
225
227
226
227
225
226
226
226
227
226
227
226
227
226
227
226
226
226
227
226
226
227
226
227
227
227
226
227
226
227
226
227
227
228
227
227
226
227
226
226
226
227
226
227
227
227
228
227
228
227
227
227
227
226
227
228
228
228
227
227
227
228
228
227
228
228
228
228
227
227
227
227
227
227
228
227
228
229
227
228
229
228
229
227
228
227
229
229
227
228
228
228
227
229
228
228
229
229
229
228
229
228
229
229
229
229
230
229
229
229
229
229
228
229
229
228
229
229
230
229
230
229
229
229
229
230
228
229
229
230
229
229
229
229
230
230
230
228
229
230
229
230
230
229
230
230
230
229
230
230
229
229
230
229
230
229
230
230
230
229
229
230
230
230
230
230
229
230
230
230
230
229
230
230
229
230
230
231
230
231
230
231
231
230
231
229
230
231
231
231
231
230
230
231
230
230
230
231
230
231
230
231
230
231
230
230
230
230
231
230
232
230
231
231
231
231
230
231
231
230
232
231
231
231
231
231
231
232
232
232
231
232
232
230
231
232
232
231
231
231
231
231
231
230
232
231
231
231
231
232
231
232
232
231
232
232
232
232
231
232
231
231
233
231
232
232
233
232
233
231
233
231
233
232
232
232
233
231
231
232
231
232
233
232
231
232
232
231
232
233
231
234
233
231
232
233
233
233
232
233
232
234
233
233
233
232
233
233
233
233
232
233
234
232
232
232
233
234
233
232
233
234
233
233
233
233
234
233
233
233
233
232
232
234
233
235
234
233
234
234
233
234
233
233
234
235
235
234
234
233
234
233
234
234
235
234
234
233
233
234
235
234
234
235
233
234
234
235
234
234
235
234
233
235
234
234
234
234
234
235
234
234
235
235
233
234
233
234
235
235
234
233
235
234
235
234
235
234
234
235
234
235
235
235
235
234
235
235
234
235
235
235
235
234
235
233
235
235
234
236
234
235
235
236
235
235
234
235
235
235
235
236
236
235
236
235
235
235
235
235
236
236
235
235
235
235
236
236
235
235
233
236
236
235
235
235
236
235
236
235
235
235
236
236
236
235
235
236
236
236
237
236
235
235
236
236
236
235
236
236
236
235
236
236
235
237
237
235
236
236
237
237
236
236
236
235
236
236
237
236
235
236
236
235
236
237
237
235
236
236
235
237
236
237
235
235
235
236
237
236
237
237
237
236
236
238
236
236
236
236
237
237
236
236
238
237
238
237
238
237
238
238
237
237
237
237
237
238
237
237
237
238
236
237
238
238
237
237
238
238
238
237
238
237
238
238
237
236
238
238
236
237
237
237
238
237
237
238
238
237
237
237
238
237
238
237
238
238
237
237
237
238
238
237
238
238
240
238
237
237
237
238
237
239
238
237
238
239
238
239
238
238
239
238
238
237
238
238
239
239
237
238
238
238
239
239
239
238
238
238
238
238
240
238
239
239
238
240
238
237
238
239
239
238
239
239
239
239
239
239
240
238
239
239
238
239
239
239
239
239
239
239
240
240
238
239
239
240
240
239
238
238
239
240
240
238
239
238
240
240
239
239
240
238
239
238
240
239
240
240
239
238
240
239
240
239
240
239
240
240
239
241
240
239
239
239
239
240
239
240
239
240
239
240
239
240
239
239
239
239
240
240
240
239
240
240
240
240
240
240
240
240
240
241
240
241
241
240
240
240
240
241
240
240
240
239
240
240
240
241
240
240
240
240
241
241
240
240
240
241
240
240
240
241
240
240
241
241
241
240
240
240
241
240
241
241
240
240
240
240
240
242
240
240
241
241
240
241
241
240
241
240
240
241
242
241
240
241
241
240
241
240
242
242
241
242
241
241
241
242
241
241
240
241
241
241
241
240
241
241
241
241
242
242
242
242
241
242
241
241
242
241
241
241
242
241
241
241
241
242
242
242
242
241
241
241
241
241
242
241
241
241
241
241
241
242
242
241
241
241
242
241
242
242
242
241
242
242
241
242
242
241
242
241
242
241
241
242
241
241
241
243
241
242
242
242
241
241
241
242
242
241
241
242
241
242
241
242
242
242
243
242
242
242
243
242
241
243
242
243
242
242
242
243
242
243
242
241
243
243
241
242
243
243
241
242
242
242
243
242
242
242
242
243
242
242
242
243
243
243
243
242
243
243
242
243
242
243
241
243
243
241
243
242
243
243
243
243
241
242
243
243
242
243
243
243
243
242
242
243
243
242
242
243
242
241
243
242
242
242
244
244
243
242
243
243
243
243
244
243
243
243
243
243
243
243
242
242
243
244
243
244
244
243
242
243
243
243
244
243
243
244
242
242
243
243
243
243
244
243
243
242
243
242
244
243
243
243
243
244
243
243
244
243
242
244
243
242
243
243
243
243
243
243
243
244
244
244
243
243
243
244
245
244
244
244
244
244
244
244
244
244
243
244
244
243
244
244
244
243
243
243
243
243
243
244
245
244
243
244
244
243
243
244
244
244
243
243
244
243
244
244
244
245
244
244
244
244
243
244
244
244
243
244
245
243
244
244
245
245
244
245
245
244
245
245
245
244
243
245
245
244
244
245
245
243
243
244
243
245
243
245
244
245
245
245
246
245
244
244
244
243
244
245
244
244
245
244
244
243
245
245
246
245
243
244
245
245
244
244
244
244
245
246
245
245
245
244
245
245
245
245
245
244
246
245
245
245
245
245
245
244
245
244
245
245
244
245
245
246
246
245
244
246
245
246
245
246
244
246
246
246
245
246
245
244
245
245
245
245
245
245
246
246
245
245
245
245
246
246
244
245
246
244
246
245
245
246
246
245
245
245
246
245
246
245
245
246
245
245
246
245
245
246
246
245
245
246
245
245
245
244
246
245
245
246
246
245
244
245
245
245
245
245
246
246
245
246
245
245
245
244
245
245
246
245
245
244
244
245
245
246
245
246
246
245
246
245
246
246
247
246
246
246
247
245
244
246
246
244
245
245
246
247
246
246
246
246
246
245
245
245
246
247
247
246
245
246
246
247
245
247
247
246
246
247
247
246
247
247
246
247
246
247
247
246
247
245
246
247
245
245
246
247
246
246
246
246
247
247
246
247
247
247
247
247
245
247
247
246
247
247
246
245
248
247
246
246
247
246
247
246
247
246
247
247
246
246
246
247
246
247
246
247
247
246
247
247
246
247
246
247
246
246
246
246
246
246
247
246
246
248
247
247
247
246
247
246
247
247
246
248
247
247
248
247
247
247
246
247
247
246
247
247
246
247
247
247
248
247
247
248
247
248
247
248
247
247
248
247
247
247
247
246
248
246
247
247
247
247
247
247
247
248
248
248
247
248
248
247
247
247
247
248
248
248
247
247
246
247
247
246
247
247
248
246
247
248
246
248
248
247
248
246
248
247
247
247
248
248
248
247
248
247
248
247
248
247
247
248
247
247
247
248
248
247
246
248
247
247
247
248
247
248
248
248
248
248
248
248
248
247
248
247
249
248
247
248
248
248
247
248
248
247
248
247
248
248
247
248
247
247
248
247
248
248
249
248
247
248
249
248
249
248
248
247
249
248
248
248
247
249
247
248
249
247
247
247
248
248
247
247
248
248
247
248
248
248
249
246
248
249
247
249
248
247
248
248
248
249
247
248
248
247
248
249
247
248
248
249
249
248
248
248
248
248
248
249
248
248
248
249
248
248
249
248
247
248
250
248
248
248
248
248
247
248
248
247
249
249
248
248
249
248
248
249
248
248
248
248
249
248
248
249
248
248
249
247
248
248
248
248
248
249
248
248
248
249
248
248
248
248
249
247
247
248
248
247
249
248
248
249
249
248
250
248
248
248
248
248
248
249
249
249
249
248
248
248
249
248
247
249
249
249
249
248
249
250
249
248
249
250
248
248
248
248
249
248
248
249
249
249
248
249
248
249
249
250
248
250
249
248
249
248
249
250
249
249
249
249
249
248
250
249
249
249
249
249
248
250
249
249
249
249
249
249
249
249
249
249
249
248
249
249
250
250
250
249
249
248
249
249
250
249
249
249
249
249
249
250
249
249
248
249
249
249
249
249
250
250
249
248
250
249
248
249
249
249
249
249
249
249
249
249
249
249
249
248
249
249
250
248
249
250
249
249
250
249
249
249
249
249
249
250
249
249
250
249
248
249
250
249
249
252
249
249
249
250
250
249
249
248
249
248
249
248
250
249
248
249
249
249
250
249
250
248
250
249
250
250
249
250
249
249
250
250
249
250
250
249
249
250
250
250
249
250
249
250
249
249
251
249
249
249
250
249
249
249
249
249
249
250
249
249
249
250
250
249
249
249
251
249
250
250
250
250
250
250
250
249
250
249
250
249
249
250
250
249
249
249
250
250
251
250
250
249
250
250
250
250
250
249
249
250
249
250
249
249
251
249
250
249
249
249
249
250
250
250
251
249
249
251
250
251
250
249
250
250
250
250
249
249
250
251
250
251
251
249
250
251
249
250
250
250
250
250
250
251
250
249
250
250
249
250
249
250
249
250
250
250
251
251
249
250
250
249
251
249
251
251
250
250
250
250
251
251
251
250
250
251
250
250
250
250
250
249
249
249
250
250
249
251
250
249
251
250
250
250
249
251
250
250
251
251
250
251
250
251
250
250
250
249
250
250
251
250
251
251
250
249
251
251
250
250
251
250
251
250
250
252
251
250
251
251
250
251
250
250
250
252
250
250
251
250
250
251
251
250
250
250
251
250
249
250
251
250
250
251
250
249
250
249
249
250
249
249
250
249
249
249
250
250
249
251
251
251
250
251
251
250
250
251
251
251
251
251
251
251
250
250
250
250
252
250
250
251
251
251
251
249
251
251
252
249
250
251
251
251
250
250
251
250
252
250
250
251
250
251
251
251
251
251
250
251
252
251
250
251
251
251
251
249
251
251
250
250
252
251
251
250
251
251
250
250
252
251
251
251
250
251
252
252
252
251
252
252
251
251
251
251
251
252
249
250
251
252
252
251
252
252
251
250
251
252
251
252
250
252
251
251
251
251
251
251
252
251
251
251
252
250
251
252
252
251
250
251
251
251
251
251
251
250
251
250
251
251
250
251
251
251
250
250
251
252
250
252
251
251
251
252
251
251
252
251
252
251
251
251
251
250
251
251
251
251
251
251
251
250
251
252
252
252
251
252
252
252
251
251
251
252
251
252
251
251
252
251
251
252
251
252
251
251
252
251
252
252
251
251
252
251
251
252
252
252
252
252
251
251
251
252
251
251
251
252
252
251
251
251
251
252
252
251
252
252
251
251
252
253
252
252
252
251
252
251
252
252
252
251
251
251
251
252
251
251
252
252
251
251
251
251
251
251
251
252
251
251
252
251
252
251
251
251
252
251
252
251
252
252
251
252
252
251
252
252
252
252
252
252
252
252
252
252
252
251
252
252
252
253
251
252
252
252
253
251
251
251
252
251
251
251
250
252
252
252
252
251
251
252
252
251
251
251
253
252
251
251
251
251
252
252
252
251
252
253
252
252
252
252
252
252
252
252
252
251
251
251
251
251
252
252
251
251
252
252
252
252
251
252
251
252
252
252
253
251
252
253
253
252
252
251
253
253
251
253
253
252
253
253
252
253
252
252
252
253
252
252
251
251
252
252
252
252
252
252
251
252
252
252
251
251
252
252
252
251
252
252
253
252
252
252
252
253
251
252
252
252
252
252
251
251
252
253
253
251
252
252
252
252
252
252
252
253
252
252
253
253
251
252
253
252
252
252
252
253
252
251
252
252
251
252
253
251
252
252
251
252
252
252
252
252
253
252
252
252
251
253
253
252
251
251
252
251
252
252
253
251
252
251
250
252
252
251
252
252
252
251
252
251
252
251
252
252
253
252
252
251
251
253
252
251
253
252
253
251
252
252
252
251
251
253
252
251
253
253
252
252
253
253
252
252
253
252
252
252
253
252
252
252
252
253
252
253
253
251
253
253
252
252
252
253
252
252
251
253
252
251
253
253
253
253
253
252
252
251
252
252
253
252
253
252
253
253
253
252
253
251
252
253
252
252
254
253
253
253
254
252
252
251
254
254
253
252
252
253
253
254
252
252
252
252
252
253
253
252
253
252
251
251
252
252
253
253
252
252
253
252
254
252
253
253
252
252
253
252
253
252
252
252
253
253
253
252
253
252
253
253
252
253
253
253
253
252
253
252
252
252
253
252
253
252
252
253
253
253
253
254
253
253
253
253
253
253
253
254
252
253
251
252
253
252
253
253
252
252
252
253
253
252
252
253
253
253
252
254
253
253
253
252
252
253
253
253
254
252
254
252
254
253
253
252
254
252
253
252
253
253
252
253
253
253
253
253
252
253
252
253
252
252
252
252
253
252
252
252
253
253
252
253
252
252
253
253
253
252
253
254
253
252
253
254
253
253
253
254
252
252
253
253
252
253
253
252
253
254
254
252
252
252
253
253
253
253
253
253
253
252
253
253
253
253
252
253
253
254
253
253
253
254
253
253
252
253
254
253
254
253
253
253
253
253
254
252
252
253
253
253
253
252
252
252
252
252
253
253
253
253
252
253
251
253
253
253
253
253
252
252
253
252
252
253
253
253
252
253
253
253
253
253
252
254
253
253
253
252
252
253
252
253
253
253
254
253
253
253
254
253
253
254
254
252
252
253
252
252
253
253
253
253
253
253
254
253
252
252
252
253
252
253
253
252
252
253
254
253
253
253
253
252
254
254
253
253
253
254
253
253
254
254
253
254
254
252
253
253
254
253
253
253
254
253
253
252
253
253
253
253
254
253
254
253
253
253
254
253
253
253
252
253
253
253
254
253
253
253
253
252
252
253
252
254
252
253
253
254
253
253
254
252
252
253
253
253
254
254
253
253
253
253
254
253
253
254
253
253
254
254
253
253
254
253
254
253
253
254
254
253
253
253
254
254
254
254
254
253
253
254
253
254
254
254
253
253
253
254
253
254
253
254
253
253
252
254
253
254
254
254
253
253
253
253
253
252
253
253
253
254
253
254
253
254
254
254
254
253
253
254
254
253
254
254
254
254
252
253
253
254
255
254
253
253
254
252
253
253
252
252
252
252
252
251
251
252
251
251
251
251
251
251
251
249
249
250
250
250
249
248
249
248
249
248
248
248
248
247
248
247
248
246
247
246
246
246
246
246
245
245
246
244
244
246
244
244
244
245
245
245
243
244
243
243
243
243
243
241
244
242
242
242
242
241
241
241
242
242
241
241
240
241
240
240
240
239
240
239
240
239
240
240
239
240
238
238
237
238
237
238
238
238
237
237
238
236
236
238
236
237
237
235
236
236
235
236
235
235
234
234
235
233
234
233
234
235
233
234
232
233
233
233
232
233
231
231
233
231
232
230
232
231
231
230
232
230
231
230
230
230
230
229
230
230
229
229
227
229
228
229
228
227
227
227
227
227
227
226
226
226
226
225
227
226
225
226
226
226
226
226
226
225
225
225
225
225
224
225
224
225
224
224
224
224
224
223
224
223
224
223
223
223
222
222
221
221
222
221
221
219
221
220
222
221
220
220
220
220
221
219
220
220
219
220
220
220
219
218
219
217
218
217
218
217
218
217
217
218
216
217
217
216
217
217
216
216
216
217
215
215
216
214
216
215
215
215
215
214
214
214
215
214
214
215
214
214
214
213
212
214
214
213
212
213
213
212
211
212
212
211
212
211
210
212
210
210
210
211
210
210
211
210
209
209
209
210
210
209
209
209
210
209
208
208
209
207
208
208
207
208
207
207
207
206
207
207
206
207
207
206
205
206
205
206
205
205
205
205
205
206
204
205
206
204
204
204
205
204
205
203
204
204
204
202
203
203
204
203
204
201
202
203
201
203
202
202
201
201
202
201
202
201
201
201
201
201
201
201
200
200
201
200
200
199
200
199
199
199
199
199
199
200
198
199
199
198
198
198
199
198
197
198
198
198
198
197
198
196
197
197
197
197
197
196
196
196
196
196
196
195
195
196
195
195
195
195
195
194
194
195
194
194
194
194
193
193
194
193
194
194
192
194
193
193
193
193
193
192
192
192
192
192
192
192
192
192
192
192
190
190
192
190
191
190
189
190
189
190
189
190
189
189
189
190
190
189
189
189
190
188
188
188
187
187
188
188
187
187
187
186
185
187
187
186
188
187
188
186
187
185
186
186
186
186
186
185
186
185
185
185
185
185
185
184
185
184
184
184
184
184
184
184
184
183
184
183
182
183
183
183
182
182
182
183
184
183
183
183
182
182
182
182
182
181
181
181
182
181
182
182
180
181
181
181
181
180
180
179
180
180
181
179
180
179
179
179
179
179
179
180
179
179
178
179
178
178
178
178
177
178
177
178
178
177
178
176
177
177
178
177
177
177
177
176
177
177
176
177
177
177
176
176
177
176
176
176
174
176
175
175
176
174
175
174
174
174
173
174
174
174
174
174
174
172
173
174
174
174
174
174
173
174
172
172
172
173
173
171
173
172
172
172
173
173
173
171
172
172
171
171
171
171
171
172
171
171
170
170
171
170
171
169
170
170
170
169
170
170
170
169
169
169
169
170
169
169
168
169
169
169
168
168
167
168
167
167
167
168
168
167
167
168
167
166
166
168
167
167
167
166
167
165
166
166
165
166
166
166
166
166
165
165
166
165
165
166
164
165
165
164
165
163
164
165
164
164
163
163
163
164
164
164
163
164
163
164
164
162
163
163
163
163
163
163
163
163
162
161
162
162
162
162
163
162
161
162
161
162
161
162
161
161
161
160
161
161
161
159
160
161
159
161
160
160
159
160
159
159
159
160
159
159
159
159
159
159
159
158
158
159
158
159
158
159
158
158
158
159
158
158
158
158
157
157
157
157
157
157
157
157
157
156
156
157
157
156
156
156
156
155
155
156
156
155
155
156
155
156
155
155
155
155
154
155
156
154
154
156
155
155
154
154
154
153
155
154
154
155
155
154
154
154
154
153
153
152
154
153
153
154
153
152
152
153
152
152
153
153
152
151
152
151
152
152
152
152
152
151
152
152
152
152
150
151
152
151
150
151
151
149
149
150
150
151
151
151
150
150
150
150
149
149
150
149
149
149
149
149
149
149
150
149
148
148
149
148
149
149
149
147
149
149
147
148
148
148
147
147
148
148
148
147
146
148
147
147
147
148
147
146
147
147
147
146
147
147
148
146
147
146
146
147
146
146
146
145
145
145
146
145
146
145
145
145
145
145
145
145
145
146
145
144
144
145
144
143
144
144
143
143
143
143
143
144
143
143
143
143
143
143
143
144
142
144
142
143
143
143
142
143
142
142
142
142
141
141
142
142
142
142
142
142
142
141
142
142
141
142
141
140
142
141
140
141
142
141
139
141
140
141
142
140
140
140
139
141
141
140
139
140
140
139
139
140
139
139
140
139
139
139
139
139
140
139
139
139
139
139
138
138
139
138
140
137
138
137
139
138
137
138
139
138
138
138
137
138
137
138
138
137
138
138
137
137
137
138
136
138
135
136
136
137
137
137
135
136
136
135
135
137
137
136
135
135
136
136
135
135
136
136
135
135
136
136
135
134
135
135
135
134
135
135
135
135
134
134
135
134
134
134
135
133
135
134
133
133
133
135
134
133
133
133
134
133
133
133
134
133
133
133
133
133
132
132
133
131
133
132
134
133
133
131
131
132
132
131
132
131
131
131
133
132
131
131
131
131
131
131
131
131
131
131
131
131
131
131
131
131
131
130
131
131
131
130
129
130
130
129
130
130
130
129
130
129
129
129
128
129
130
130
129
129
129
129
129
128
128
128
128
128
129
128
128
128
129
128
127
128
128
128
129
127
128
128
127
127
127
128
128
127
128
127
127
127
127
127
127
127
127
126
127
127
126
127
127
127
127
127
126
126
127
126
126
126
126
126
126
126
125
127
126
127
126
125
126
126
125
126
126
125
126
125
125
126
125
126
125
124
125
124
125
125
125
124
124
124
124
124
124
124
124
124
124
125
123
125
123
123
123
123
124
124
123
124
124
124
123
124
124
124
124
122
123
123
123
123
124
123
123
123
123
123
123
123
122
123
122
123
122
122
123
122
122
121
122
122
122
122
122
123
121
122
121
122
121
122
122
122
121
122
121
121
122
122
121
120
122
120
121
120
121
121
121
120
121
120
121
120
120
120
120
120
119
120
120
120
119
120
119
119
120
119
120
119
120
120
119
120
120
120
119
118
119
119
120
119
118
118
119
118
119
119
120
119
119
118
118
119
119
118
118
119
119
119
119
118
118
118
118
118
118
118
118
118
118
118
117
117
118
118
118
116
116
119
117
118
117
118
117
118
117
117
118
116
117
118
117
117
117
118
116
115
116
116
118
115
117
117
116
116
115
117
116
116
116
116
116
115
116
115
115
116
116
116
116
116
115
115
116
116
114
115
114
114
114
115
115
114
115
114
114
114
115
114
114
114
115
115
113
114
115
114
116
114
115
114
115
114
115
114
114
114
114
113
113
114
113
114
114
113
113
113
113
112
113
113
113
113
113
112
113
112
113
112
112
113
113
114
113
113
112
112
113
113
112
113
112
113
112
113
111
112
111
112
113
113
111
112
112
112
112
111
112
111
112
112
111
112
112
112
111
111
112
112
111
111
111
111
112
111
111
111
111
112
112
112
110
111
110
111
110
111
111
110
111
111
112
110
110
111
110
110
110
111
109
110
109
110
109
110
109
109
109
110
110
110
109
108
110
109
110
110
110
109
109
109
109
109
109
110
110
110
108
109
109
110
108
109
109
110
108
108
108
108
109
108
108
107
108
108
107
107
108
107
108
108
108
108
108
108
107
107
108
107
108
108
107
108
107
108
107
108
107
108
108
107
107
108
107
107
106
107
107
107
107
107
107
107
107
107
106
106
106
107
106
107
106
106
105
106
106
106
106
106
106
106
107
106
105
106
105
106
106
104
105
105
106
104
106
106
104
106
105
104
104
105
106
105
105
104
106
104
105
105
105
105
105
104
105
105
105
104
105
105
105
104
105
104
104
104
103
105
104
104
103
105
104
104
103
104
104
103
105
104
103
104
104
103
104
104
103
104
103
104
104
103
104
104
103
103
103
103
104
103
103
102
103
103
104
102
103
103
102
104
103
102
103
103
103
103
102
102
102
102
103
104
103
102
102
102
103
102
103
102
102
103
103
102
102
102
101
101
101
101
102
102
101
101
101
102
102
101
102
102
102
101
103
101
101
100
101
102
102
101
102
102
100
101
101
100
100
102
102
101
101
101
102
100
101
100
101
101
101
101
100
101
101
99
101
101
101
101
100
100
100
99
99
100
100
100
100
100
99
100
99
99
99
99
99
100
100
99
100
99
99
100
100
100
99
100
99
99
100
100
99
99
100
100
100
99
99
99
99
98
99
99
97
99
99
98
99
99
98
98
98
98
98
98
98
99
97
99
98
98
99
98
98
97
98
98
99
98
97
98
98
99
97
98
98
98
99
98
97
97
98
98
99
98
98
98
98
97
97
98
98
97
96
97
97
97
97
97
97
98
97
98
98
98
97
97
96
97
98
97
96
96
97
96
96
96
97
97
97
97
97
97
96
97
96
97
96
96
96
96
96
97
96
96
95
96
96
97
97
96
96
96
97
96
96
97
96
95
96
95
96
96
96
95
95
95
96
97
96
96
95
96
96
96
95
96
95
96
95
96
96
95
95
95
96
96
95
95
94
96
96
96
95
95
95
96
95
96
95
95
94
96
94
94
95
94
95
95
94
93
95
94
95
94
95
96
94
94
96
94
96
94
94
94
95
94
94
94
93
93
93
93
94
93
94
93
93
93
93
93
95
93
94
94
94
94
93
93
93
93
93
94
94
92
94
92
93
93
93
92
92
93
93
93
93
93
93
92
93
91
91
93
93
91
93
93
92
92
93
93
93
93
92
93
92
91
93
93
93
91
91
91
91
92
93
93
92
92
92
92
91
92
91
92
92
91
91
91
92
92
91
91
91
92
93
90
91
92
92
91
92
90
92
91
91
91
92
91
92
90
91
91
91
91
90
90
90
90
91
91
91
90
91
91
92
91
91
91
91
90
91
90
91
90
91
91
91
90
89
91
90
89
90
90
91
90
90
90
90
91
90
91
89
90
90
90
90
89
90
89
91
89
90
90
89
90
90
91
90
90
90
90
91
89
90
89
90
89
89
90
88
89
89
88
90
90
90
89
89
89
88
89
89
89
88
89
89
89
90
89
89
90
89
90
90
89
88
88
88
89
88
89
89
89
88
88
88
88
89
88
89
88
89
89
88
89
87
89
88
88
88
89
87
89
87
87
89
89
89
89
89
88
88
88
87
88
87
89
87
88
88
88
88
88
88
88
89
87
88
89
87
88
87
87
88
88
87
87
87
88
88
87
88
86
87
88
87
87
88
88
88
88
87
87
87
87
87
87
87
86
88
88
87
87
86
88
87
87
87
88
87
88
87
87
87
88
87
87
87
87
88
86
88
86
87
86
87
86
86
88
87
87
87
86
86
86
86
85
86
85
85
86
87
86
87
87
87
85
87
86
86
86
87
87
86
86
86
85
87
87
85
86
86
87
86
86
85
86
86
86
87
86
86
86
85
86
85
85
84
86
86
86
86
86
86
85
86
86
85
85
86
86
84
86
85
85
63
86
86
85
85
85
84
85
85
85
84
86
85
85
85
85
85
85
84
86
86
84
84
85
85
86
85
84
84
85
85
85
84
84
85
84
84
84
85
85
85
85
85
84
84
85
85
84
85
84
84
84
83
84
83
84
83
85
84
85
84
85
85
84
84
84
83
83
83
84
84
83
84
84
84
84
84
84
83
83
84
83
84
83
84
85
83
84
84
83
84
83
83
84
83
83
84
83
84
84
83
84
83
83
84
83
83
83
84
83
84
84
83
83
84
84
83
83
83
83
83
83
84
84
84
83
84
83
82
81
83
83
82
83
82
84
82
83
82
83
83
83
82
83
82
81
83
82
81
82
81
82
82
82
81
82
82
82
83
83
82
82
83
82
81
81
82
82
81
82
83
81
83
82
81
82
81
81
82
82
83
83
83
83
83
82
82
83
82
82
82
82
82
82
82
82
81
83
82
82
82
81
82
82
81
81
81
81
81
82
81
82
82
81
82
81
82
81
81
81
82
82
81
81
81
81
82
81
82
81
82
82
81
82
81
80
82
82
81
81
81
81
82
80
79
81
82
81
81
81
81
81
81
81
81
80
80
80
81
82
80
79
81
80
79
80
80
80
81
81
79
81
80
80
79
79
80
81
81
80
79
80
81
80
80
82
80
80
80
81
81
80
81
81
80
80
81
80
80
79
81
81
81
80
81
80
80
81
79
79
80
81
81
80
79
80
79
79
80
79
79
80
80
79
79
79
79
80
80
79
80
79
80
79
79
80
79
79
79
80
79
79
79
80
79
79
80
80
80
80
80
79
80
80
81
79
80
79
79
78
79
79
79
80
80
80
79
79
79
79
78
79
79
79
79
79
79
79
79
79
78
79
80
79
79
79
79
78
79
78
79
78
78
79
80
78
78
79
80
79
80
79
78
78
79
79
78
78
78
79
79
78
78
79
79
79
78
78
78
79
79
79
78
79
77
79
79
78
78
79
78
79
78
79
77
77
79
77
79
79
78
79
79
79
77
79
79
77
79
79
78
78
79
77
77
78
79
79
78
77
79
78
78
78
78
77
79
77
79
78
77
78
77
78
78
78
78
78
78
78
78
78
77
77
78
77
78
78
78
77
78
78
78
78
77
77
78
78
78
77
78
77
78
78
78
78
77
78
78
79
77
77
78
78
77
77
78
78
78
78
78
78
77
77
78
77
77
77
76
77
77
78
78
78
78
78
78
78
77
78
78
78
77
78
77
77
78
77
77
76
76
77
75
76
77
76
76
77
78
76
77
77
78
77
77
78
76
77
77
77
77
76
77
76
77
76
76
76
77
76
76
77
77
77
77
76
76
76
76
77
76
76
75
75
77
76
77
77
77
76
77
77
77
76
77
77
76
76
77
77
77
75
76
77
76
76
76
76
75
76
76
77
76
76
77
77
75
78
77
77
76
75
75
76
76
76
77
76
75
75
75
75
76
76
76
76
76
75
77
77
76
76
76
77
75
76
75
75
76
76
76
76
76
76
76
76
76
76
75
77
76
76
75
76
76
75
76
75
75
76
75
76
75
74
75
75
76
76
75
75
76
75
76
75
75
75
76
76
76
76
75
76
74
75
75
74
76
75
76
76
76
76
76
75
76
75
75
75
75
74
75
76
76
75
76
75
76
75
75
75
75
75
76
75
75
75
74
75
75
75
75
75
76
75
76
76
75
74
76
74
75
75
74
76
76
76
75
75
76
76
76
74
74
75
75
74
75
75
75
75
75
74
75
76
75
75
74
75
75
74
74
73
74
74
74
74
74
73
75
73
74
74
74
74
73
75
74
74
74
74
74
73
74
75
74
74
74
75
74
75
73
73
75
74
73
75
75
74
75
73
75
74
73
73
74
73
73
74
74
73
74
75
74
73
73
73
74
75
74
74
74
74
73
73
75
74
74
74
74
73
74
74
73
73
74
73
74
74
73
74
74
74
72
73
74
73
74
74
73
73
74
74
74
73
73
73
73
74
73
73
74
74
73
73
74
74
73
74
73
74
73
74
74
72
74
74
73
73
73
74
74
73
74
73
74
74
72
74
73
74
73
75
73
73
73
73
74
73
72
73
74
73
72
73
73
72
74
73
72
73
73
72
74
73
73
73
74
74
72
74
74
73
73
73
73
73
74
73
73
72
74
74
73
73
73
74
73
74
73
73
74
72
73
73
72
72
74
73
73
73
72
74
73
73
73
74
72
73
73
73
72
72
73
73
73
73
73
73
72
74
74
73
74
73
72
72
73
72
74
72
72
72
73
72
73
72
73
73
73
71
73
72
73
73
72
73
72
73
72
73
72
72
72
72
72
71
71
73
72
72
72
72
71
71
72
71
72
71
73
73
73
73
73
73
71
73
72
73
73
72
72
72
73
71
72
72
63
72
71
72
73
73
72
72
72
72
71
71
72
72
71
72
73
72
71
71
71
72
73
72
72
71
72
72
72
72
71
72
73
72
72
71
73
71
72
72
71
71
72
73
71
71
71
72
72
72
72
72
71
72
72
72
72
72
70
71
72
72
71
73
71
72
71
71
72
72
71
71
72
72
72
71
72
71
71
72
71
71
71
72
72
72
71
71
71
72
72
71
72
71
72
72
71
73
72
72
71
72
72
72
72
71
71
72
72
71
71
72
70
71
72
71
71
72
71
72
71
72
72
71
70
71
72
72
71
72
72
72
71
71
71
70
71
71
71
71
72
71
71
71
72
71
71
71
71
71
71
71
72
71
71
72
72
71
71
71
72
72
72
71
71
71
71
71
71
72
72
71
71
71
70
71
71
70
71
72
72
71
70
72
71
70
71
70
71
70
72
72
71
71
71
71
70
70
72
71
72
71
71
71
70
70
70
71
71
71
70
71
71
71
71
70
71
70
70
71
70
71
70
70
71
71
71
70
71
71
70
70
70
71
71
71
71
70
71
70
70
71
71
70
71
71
70
71
70
70
71
71
69
71
71
71
70
69
70
71
70
70
71
70
71
71
71
71
70
71
70
70
70
69
69
71
71
70
70
70
70
70
70
71
71
70
70
71
70
70
70
69
71
70
70
70
71
70
71
71
70
70
70
70
71
70
70
71
70
70
70
70
70
70
70
70
70
70
70
70
70
70
71
72
70
69
70
70
69
70
70
70
69
70
70
69
70
70
70
70
70
70
70
69
69
70
69
70
71
70
70
70
69
70
71
70
70
70
69
69
70
70
70
70
70
70
69
69
69
69
70
70
69
69
71
69
70
69
71
70
69
70
69
70
70
70
70
69
71
69
69
69
70
69
71
69
69
70
70
69
69
70
70
69
70
70
71
71
70
70
70
69
69
70
70
70
69
69
69
70
69
71
69
70
70
70
69
70
69
70
70
69
70
70
70
69
69
69
70
69
70
69
69
70
69
69
69
71
69
70
71
70
70
69
69
69
70
69
69
69
70
70
69
70
70
70
70
69
70
69
69
69
68
69
70
70
70
70
70
69
70
68
70
70
69
70
70
70
69
70
69
69
70
69
70
69
69
69
68
70
69
69
69
70
69
70
69
69
69
68
68
69
69
69
68
69
68
69
68
68
69
69
69
70
69
69
67
69
69
67
70
69
70
69
69
69
69
69
69
68
69
69
68
69
69
69
69
68
70
69
69
69
70
70
68
70
70
69
69
69
67
70
69
70
70
68
67
69
68
69
69
68
69
68
69
69
70
68
69
70
70
68
69
67
67
68
69
67
68
67
68
68
68
68
67
69
69
68
67
68
68
69
69
69
69
68
67
68
68
68
68
69
69
69
68
67
68
68
68
67
68
68
69
68
68
68
68
67
70
68
69
68
69
68
70
67
69
69
68
67
69
67
67
68
68
67
67
68
69
69
68
68
69
69
69
68
69
69
68
69
69
69
68
69
69
68
68
68
68
69
69
68
67
69
69
68
68
68
68
68
68
68
67
69
70
68
68
68
68
68
67
67
68
68
67
69
68
67
67
67
67
68
69
68
69
68
67
67
69
69
69
69
68
69
69
68
68
68
70
68
67
69
67
70
68
68
67
68
68
68
68
67
69
68
68
68
68
67
69
67
68
69
67
68
68
68
67
68
68
68
69
68
68
68
68
68
68
68
68
68
69
68
68
67
67
67
67
68
68
68
69
68
67
68
68
67
68
67
68
67
68
67
67
68
67
68
68
68
69
67
67
69
69
68
67
68
67
67
68
67
67
67
67
68
68
67
67
67
67
67
67
67
67
68
69
68
66
67
68
68
68
69
67
68
67
67
67
68
68
68
67
67
68
68
68
67
68
68
68
67
68
68
68
68
66
67
67
68
68
67
66
66
67
68
68
67
67
68
67
68
68
68
67
66
68
68
67
68
67
67
68
68
68
68
68
68
67
67
67
68
67
67
67
68
67
66
66
67
67
67
67
67
68
67
68
68
68
68
68
68
67
68
67
67
66
68
67
68
67
67
68
67
68
66
67
67
67
68
67
68
66
66
67
67
67
68
67
67
68
67
68
69
67
67
68
66
67
66
67
68
66
66
67
67
66
67
67
67
67
67
67
66
68
67
68
68
66
67
67
67
67
67
66
66
67
68
68
68
67
67
67
67
67
67
67
68
68
67
68
67
67
67
67
67
68
67
66
66
67
66
67
67
67
67
68
67
66
67
67
67
67
67
67
66
67
67
67
66
67
67
66
67
66
67
67
68
67
66
67
67
68
67
67
67
67
68
67
67
67
66
67
67
68
67
66
66
66
67
66
67
67
67
68
66
66
66
68
67
66
67
68
67
67
67
66
67
67
68
63
67
67
66
67
67
67
67
68
67
66
68
67
67
67
66
67
66
66
68
68
67
67
67
66
66
66
67
67
67
67
67
67
68
67
67
67
67
67
67
66
67
67
66
67
66
66
67
66
66
67
66
66
67
66
67
68
67
67
67
67
66
65
67
66
66
66
67
67
67
67
66
67
67
66
66
67
67
67
67
66
68
67
67
67
66
67
66
68
67
67
67
67
66
66
67
66
67
67
66
67
66
68
67
65
65
67
65
67
65
67
65
67
66
66
66
66
66
66
65
67
66
66
65
66
65
66
66
66
67
65
65
65
66
66
67
67
66
66
67
67
66
66
66
66
66
66
67
66
66
66
67
66
67
67
67
67
67
67
66
66
67
67
67
66
66
66
66
67
65
66
67
66
66
66
66
67
66
66
67
67
67
67
68
67
66
66
67
67
67
66
66
67
67
66
67
66
65
67
65
66
66
66
66
66
67
65
66
66
66
66
66
66
67
66
66
67
66
65
65
66
67
66
66
67
66
65
66
65
66
65
66
66
66
66
67
66
66
66
66
66
66
67
63
67
66
66
67
67
67
67
65
67
66
66
66
67
66
67
66
67
66
65
66
67
65
66
66
66
67
67
67
67
66
66
66
66
66
65
65
65
66
65
66
65
67
67
66
66
67
65
66
66
67
66
66
67
66
66
65
67
66
66
66
66
67
66
65
66
66
66
65
66
65
66
66
67
66
63
65
65
67
66
66
66
66
66
66
67
65
65
66
67
65
66
65
66
67
66
66
66
66
65
66
66
66
66
67
66
66
66
63
66
67
65
66
66
66
66
66
65
67
66
66
66
67
66
66
66
66
66
65
65
65
63
65
65
65
67
65
63
66
66
66
67
66
66
67
65
67
66
65
65
66
66
66
65
67
65
66
66
67
66
65
65
65
66
66
65
66
66
65
66
66
66
66
66
63
66
65
65
65
65
65
65
65
65
66
66
66
66
65
67
66
65
66
65
66
65
66
66
66
66
65
66
66
64
0
101.19667959213257